name: otbn_mac_bignum
Fmax: 69.0 MHz (14.492753623188406 ns)
slack: 0.087446
required: 14.492753
instances: 30880
design_area: 248600
utilization: 52
