name: otbn_alu_bignum
Fmax: 88.0 MHz (11.363636363636363 ns)
slack: 0.002405
required: 11.363637
instances: 53292
design_area: 466691
utilization: 65
