name: otbn_mac_bignum
Fmax: 47.0 MHz (21.27659574468085 ns)
slack: 0.338979
required: 21.276596
instances: 40281
design_area: 335866
utilization: 55
