name: brent_kung
Fmax: 300.0 MHz (3.3333333333333335 ns)
slack: 0.022895
required: 3.333333
instances: 2861
design_area: 18812
utilization: 63
