name: otbn
Fmax: 99.0 MHz (10.1010101010101 ns)
slack: 0.004438
required: 10.101010
instances: 240529
design_area: 2142466
utilization: 52
