name: otbn
Fmax: 93.0 MHz (10.75268817204301 ns)
slack: 0.066829
required: 10.752688
instances: 263507
design_area: 2380827
utilization: 54
