name: otbn_mac_bignum
Fmax: 47.0 MHz (21.27659574468085 ns)
slack: 0.246237
required: 21.276596
instances: 40530
design_area: 337644
utilization: 55
