name: sklansky
Fmax: 290.0 MHz (3.4482758620689653 ns)
slack: 0.029558
required: 3.448276
instances: 2924
design_area: 18639
utilization: 65
